{
  "asset": {
    "generator": "gltfeditor.com",
    "version": "2.0"
  },
  "buffers": [
    {
      "uri": "CesiumMan.bin",
      "byteLength": 211320
    }
  ],
  "bufferViews": [
    {
      "buffer": 0,
      "byteOffset": 0,
      "byteLength": 52368,
      "byteStride": 16,
      "target": 34962
    },
    {
      "buffer": 0,
      "byteOffset": 52368,
      "byteLength": 78552,
      "byteStride": 24,
      "target": 34962
    },
    {
      "buffer": 0,
      "byteOffset": 130920,
      "byteLength": 52368,
      "byteStride": 16,
      "target": 34962
    },
    {
      "buffer": 0,
      "byteOffset": 183288,
      "byteLength": 28032,
      "target": 34963
    }
  ],
  "accessors": [
    {
      "bufferView": 0,
      "byteOffset": 0,
      "componentType": 5123,
      "normalized": false,
      "count": 3273,
      "min": [
        0,
        0,
        0,
        0
      ],
      "max": [
        18,
        18,
        18,
        18
      ],
      "type": "VEC4"
    },
    {
      "bufferView": 0,
      "byteOffset": 8,
      "componentType": 5126,
      "normalized": false,
      "count": 3273,
      "min": [
        0.014079390093684196,
        0.008445978164672852
      ],
      "max": [
        0.990805983543396,
        0.9880298972129822
      ],
      "type": "VEC2"
    },
    {
      "bufferView": 1,
      "byteOffset": 0,
      "componentType": 5126,
      "normalized": false,
      "count": 3273,
      "min": [
        -1,
        -0.9999808073043823,
        -1
      ],
      "max": [
        1,
        0.9999808073043823,
        0.9944415092468262
      ],
      "type": "VEC3"
    },
    {
      "bufferView": 1,
      "byteOffset": 12,
      "componentType": 5126,
      "normalized": false,
      "count": 3273,
      "min": [
        -0.13100001215934753,
        -0.5691370964050293,
        0
      ],
      "max": [
        0.1809539943933487,
        0.569136917591095,
        1.5065499544143677
      ],
      "type": "VEC3"
    },
    {
      "bufferView": 2,
      "byteOffset": 0,
      "componentType": 5126,
      "normalized": false,
      "count": 3273,
      "min": [
        0.010080089792609215,
        0,
        0,
        0
      ],
      "max": [
        1,
        0.989919900894165,
        0.9510763883590698,
        0.9196179509162903
      ],
      "type": "VEC4"
    },
    {
      "bufferView": 3,
      "byteOffset": 0,
      "componentType": 5123,
      "normalized": false,
      "count": 14016,
      "min": [
        0
      ],
      "max": [
        3272
      ],
      "type": "SCALAR"
    }
  ],
  "scene": 0,
  "scenes": [
    {
      "nodes": [
        21
      ],
      "name": "CesiumMan"
    }
  ],
  "nodes": [
    {
      "name": "Skeleton_neck_joint_2",
      "matrix": [
        -0.9898276329040527,
        -0.04811742529273033,
        -0.1338900327682495,
        0,
        -0.04816002398729324,
        0.9988353252410889,
        -0.0029223193414509296,
        0,
        0.13387475907802582,
        0.003555556293576956,
        -0.990992546081543,
        0,
        -0.05203978344798088,
        -1.2694307827132434e-8,
        -0.0000026117691049876157,
        1
      ],
      "extensions": {
        "KHR_node_visibility": {
          "visible": true
        }
      }
    },
    {
      "name": "Skeleton_neck_joint_1",
      "children": [
        0
      ],
      "matrix": [
        0.19090595841407776,
        0.03161722794175148,
        -0.9810988903045654,
        0,
        -0.006814806256443262,
        0.9994995594024658,
        0.030884159728884697,
        0,
        0.9815845489501953,
        0.000790031102951616,
        0.19102592766284943,
        0,
        -0.0000024692094484635163,
        0.0000024129740268108435,
        0.06483867764472961,
        1
      ],
      "extensions": {
        "KHR_node_visibility": {
          "visible": true
        }
      }
    },
    {
      "name": "Skeleton_arm_joint_L__2_",
      "matrix": [
        0.9999579191207886,
        -0.007386914920061827,
        0.005547086242586374,
        0,
        0.007744006812572479,
        0.9976972937583923,
        -0.06738245487213135,
        0,
        -0.005036563612520695,
        0.06742256879806519,
        0.9977123737335205,
        0,
        -0.09332464635372162,
        0.14299996197223663,
        0.07814779877662659,
        1
      ],
      "extensions": {
        "KHR_node_visibility": {
          "visible": true
        }
      }
    },
    {
      "name": "Skeleton_arm_joint_L__3_",
      "children": [
        2
      ],
      "matrix": [
        0.9061428904533386,
        -0.22576172649860382,
        -0.3576809763908386,
        0,
        0.26594388484954834,
        0.9616745114326477,
        0.06674626469612122,
        0,
        0.3289041221141815,
        -0.15560483932495117,
        0.9314550757408142,
        0,
        0.013221756555140018,
        0.21549955010414124,
        0.10933225601911545,
        1
      ],
      "extensions": {
        "KHR_node_visibility": {
          "visible": true
        }
      }
    },
    {
      "name": "Skeleton_arm_joint_L__4_",
      "children": [
        3
      ],
      "matrix": [
        -0.7734299302101135,
        0.18071040511131287,
        -0.6075779795646667,
        0,
        0.5467761158943176,
        0.6751150488853455,
        -0.4952329397201538,
        0,
        0.32069122791290283,
        -0.7152367830276489,
        -0.6209622025489807,
        0,
        -0.00003758988168556243,
        0.08800014108419418,
        -0.000058957066357834265,
        1
      ],
      "extensions": {
        "KHR_node_visibility": {
          "visible": true
        }
      }
    },
    {
      "name": "Skeleton_arm_joint_R__3_",
      "matrix": [
        0.8128988742828369,
        -0.08428703993558884,
        0.5762739181518555,
        0,
        0.24386392533779144,
        0.9478157162666321,
        -0.20536787807941437,
        0,
        -0.5288915634155273,
        0.3074756860733032,
        0.7910328507423401,
        0,
        0.03137034922838211,
        -0.14300094544887543,
        -0.11761164665222168,
        1
      ],
      "extensions": {
        "KHR_node_visibility": {
          "visible": true
        }
      }
    },
    {
      "name": "Skeleton_arm_joint_R__2_",
      "children": [
        5
      ],
      "matrix": [
        -0.7261971831321716,
        -0.2603166997432709,
        -0.6362968683242798,
        0,
        -0.20252573490142822,
        0.9654726386070251,
        -0.16384653747081757,
        0,
        0.656978964805603,
        0.009881600737571716,
        -0.7538440227508545,
        0,
        -0.03554631024599075,
        -0.2154989093542099,
        0.10423321276903152,
        1
      ],
      "extensions": {
        "KHR_node_visibility": {
          "visible": true
        }
      }
    },
    {
      "name": "Skeleton_arm_joint_R",
      "children": [
        6
      ],
      "matrix": [
        -0.990500807762146,
        0.050396423786878586,
        0.1279383897781372,
        0,
        0.11924731731414795,
        0.7781065702438354,
        0.6167091727256775,
        0,
        -0.06846974790096283,
        0.6261072158813477,
        -0.7767246961593628,
        0,
        -0.000039129674405558035,
        -0.08799995481967926,
        -0.00005926972153247334,
        1
      ],
      "extensions": {
        "KHR_node_visibility": {
          "visible": true
        }
      }
    },
    {
      "name": "torso_joint_3",
      "children": [
        1,
        4,
        7
      ],
      "matrix": [
        0.21784909069538116,
        0.022762224078178406,
        0.9757176041603088,
        0,
        0.01086203008890152,
        0.9996095299720764,
        -0.025744764134287834,
        0,
        -0.9759215712547302,
        0.016206730157136917,
        0.21751655638217926,
        0,
        -0.2505165934562683,
        5.735224135605677e-7,
        -0.00007284671301022172,
        1
      ],
      "extensions": {
        "KHR_node_visibility": {
          "visible": true
        }
      }
    },
    {
      "name": "Skeleton_torso_joint_2",
      "children": [
        8
      ],
      "matrix": [
        -0.055926986038684845,
        -0.002501104958355427,
        -0.9984316229820251,
        0,
        -0.002415954601019621,
        0.9999942779541016,
        -0.002369688590988517,
        0,
        0.9984309673309326,
        0.002279633888974786,
        -0.0559326596558094,
        0,
        0.000013483521797752474,
        0.0009866059990599751,
        0.14541694521903992,
        1
      ],
      "extensions": {
        "KHR_node_visibility": {
          "visible": true
        }
      }
    },
    {
      "name": "leg_joint_L_5",
      "matrix": [
        0.7884079813957214,
        0.08191104978322983,
        0.6096758842468262,
        0,
        -0.058749400079250336,
        0.9965909123420715,
        -0.057921458035707474,
        0,
        -0.6123415231704712,
        0.009847641922533512,
        0.7905320525169373,
        0,
        -0.06558380275964737,
        0.001090597826987505,
        0.02929132804274559,
        1
      ],
      "extensions": {
        "KHR_node_visibility": {
          "visible": true
        }
      }
    },
    {
      "name": "leg_joint_L_3",
      "children": [
        10
      ],
      "matrix": [
        -0.7495067715644836,
        0.03491927683353424,
        -0.6610764861106873,
        0,
        0.07356433570384979,
        0.9968169927597046,
        -0.030751081183552742,
        0,
        0.6578977108001709,
        -0.07167969644069672,
        -0.7496891021728516,
        0,
        0.27578994631767273,
        0.0013972569722682238,
        0.004122452810406685,
        1
      ],
      "extensions": {
        "KHR_node_visibility": {
          "visible": true
        }
      }
    },
    {
      "name": "leg_joint_L_2",
      "children": [
        11
      ],
      "matrix": [
        -0.6419183015823364,
        0.032452598214149475,
        -0.7660856246948242,
        0,
        -0.00017437590577173978,
        0.9990969896316528,
        0.042469438165426254,
        0,
        0.7667726278305054,
        0.027395524084568024,
        -0.6413334608078003,
        0,
        0.20916394889354706,
        0.009055483154952526,
        -0.16426970064640045,
        1
      ],
      "extensions": {
        "KHR_node_visibility": {
          "visible": true
        }
      }
    },
    {
      "name": "leg_joint_L_1",
      "children": [
        12
      ],
      "matrix": [
        0.7147382497787476,
        -0.004801939707249403,
        -0.6993752717971802,
        0,
        -0.009921728633344173,
        0.9998065233230591,
        -0.017004387453198433,
        0,
        0.6993213891983032,
        0.01909269206225872,
        0.7145520448684692,
        0,
        0.028520138934254646,
        0.06762181222438812,
        -0.06296004354953766,
        1
      ],
      "extensions": {
        "KHR_node_visibility": {
          "visible": true
        }
      }
    },
    {
      "name": "leg_joint_R_5",
      "matrix": [
        0.7804791927337646,
        0.0010259543778374791,
        0.6251807808876038,
        0,
        -0.0012188113760203123,
        0.9999987483024597,
        -0.00011947959865210578,
        0,
        -0.625179648399353,
        -0.0006687259301543236,
        0.780478835105896,
        0,
        -0.06681974977254868,
        -0.001072168000973761,
        0.026351310312747955,
        1
      ],
      "extensions": {
        "KHR_node_visibility": {
          "visible": true
        }
      }
    },
    {
      "name": "leg_joint_R_3",
      "children": [
        14
      ],
      "matrix": [
        -0.6193329095840454,
        0.00167362904176116,
        -0.7851260900497437,
        0,
        -0.002450093626976013,
        0.9999881386756897,
        0.004064357373863459,
        0,
        0.7851241230964661,
        0.004440826829522848,
        -0.619321882724762,
        0,
        0.27546030282974243,
        -0.0014317177701741457,
        -0.014104814268648624,
        1
      ],
      "extensions": {
        "KHR_node_visibility": {
          "visible": true
        }
      }
    },
    {
      "name": "leg_joint_R_2",
      "children": [
        15
      ],
      "matrix": [
        0.9815523624420166,
        0.010758945718407631,
        0.1908913403749466,
        0,
        -0.010807480663061142,
        0.9999416470527649,
        -0.0007868867251090705,
        0,
        -0.19088856875896454,
        -0.0012906831689178944,
        0.9816108345985413,
        0,
        0.26089081168174744,
        -0.009026050567626953,
        0.0516708642244339,
        1
      ],
      "extensions": {
        "KHR_node_visibility": {
          "visible": true
        }
      }
    },
    {
      "name": "leg_joint_R_1",
      "children": [
        16
      ],
      "matrix": [
        -0.17429478466510773,
        -0.0006820490234531462,
        -0.9846929311752319,
        0,
        -0.0035104663111269474,
        0.9999942183494568,
        -0.00007127992284949869,
        0,
        0.9846874475479126,
        0.003444308415055275,
        -0.17429620027542114,
        0,
        0.0285571850836277,
        -0.0684543326497078,
        -0.06295865029096603,
        1
      ],
      "extensions": {
        "KHR_node_visibility": {
          "visible": true
        }
      }
    },
    {
      "name": "Skeleton_torso_joint_1",
      "children": [
        9,
        13,
        17
      ],
      "matrix": [
        0.9979349970817566,
        0.0007508897106163204,
        -0.06422916799783707,
        0,
        -0.00036081208963878453,
        0.9999813437461853,
        0.00608459860086441,
        0,
        0.06423253566026688,
        -0.006048859097063541,
        0.9979166388511658,
        0,
        2.9999014827808423e-8,
        -0.020000120624899864,
        0.6849181652069092,
        1
      ],
      "extensions": {
        "KHR_node_visibility": {
          "visible": true
        }
      }
    },
    {
      "name": "Cesium_Man",
      "extensions": {
        "KHR_node_visibility": {
          "visible": true
        }
      },
      "mesh": 0
    },
    {
      "name": "Armature",
      "children": [
        18,
        19
      ],
      "matrix": [
        3.422854177870249e-8,
        -0.9999999403953552,
        0,
        0,
        0.9999999403953552,
        3.422854177870249e-8,
        0,
        0,
        0,
        0,
        1,
        0,
        0,
        0,
        0,
        1
      ],
      "extensions": {
        "KHR_node_visibility": {
          "visible": true
        }
      }
    },
    {
      "name": "Z_UP",
      "children": [
        20
      ],
      "matrix": [
        1,
        0,
        0,
        0,
        0,
        3.422854177870249e-8,
        -0.9999999403953552,
        0,
        0,
        0.9999999403953552,
        3.422854177870249e-8,
        0,
        0,
        0,
        0,
        1
      ],
      "extensions": {
        "KHR_node_visibility": {
          "visible": true
        }
      }
    }
  ],
  "meshes": [
    {
      "primitives": [
        {
          "material": 0,
          "mode": 4,
          "attributes": {
            "JOINTS_0": 0,
            "TEXCOORD_0": 1,
            "NORMAL": 2,
            "POSITION": 3,
            "WEIGHTS_0": 4
          },
          "indices": 5
        }
      ]
    }
  ],
  "materials": [
    {
      "name": "Cesium_Man-effect",
      "pbrMetallicRoughness": {
        "baseColorFactor": [
          1,
          1,
          1,
          1
        ],
        "metallicFactor": 0,
        "roughnessFactor": 1,
        "baseColorTexture": {
          "index": 0,
          "texCoord": 0
        }
      },
      "emissiveFactor": [
        0,
        0,
        0
      ],
      "alphaMode": "OPAQUE",
      "doubleSided": false
    }
  ],
  "textures": [
    {
      "sampler": 0,
      "name": "base.jpg",
      "source": 0
    }
  ],
  "samplers": [
    {
      "magFilter": 9729,
      "minFilter": 9986,
      "wrapS": 10497,
      "wrapT": 10497
    }
  ],
  "images": [
    {
      "uri": "base.jpg",
      "mimeType": "image/jpeg",
      "name": "base.jpg"
    }
  ],
  "extensionsRequired": [
    "KHR_mesh_quantization"
  ],
  "extensionsUsed": [
    "KHR_node_visibility",
    "KHR_mesh_quantization"
  ]
}